000             00 04 36.375 -04 08 44.79 2000.0 vmag=10.14 b-v=0.69 lgs=1
001             00 06 29.041 +14 51 28.13 2000.0 vmag=10.17 b-v=0.67 lgs=1
002             00 07 40.236 +35 06 34.51 2000.0 vmag=10.19 b-v=0.44 lgs=1
003             00 08 40.389 -04 50 38.27 2000.0 vmag=10.17 b-v=0.68 lgs=1
004             00 09 29.355 -04 40 28.77 2000.0 vmag=10.11 b-v=0.46 lgs=1
005             00 11  3.236 +14 26 14.69 2000.0 vmag=10.07 b-v=0.62 lgs=1
006             00 15 23.946 -04 31 43.35 2000.0 vmag=10.18 b-v=0.61 lgs=1
007             00 16 39.395 +35 09 14.31 2000.0 vmag=10.19 b-v=0.60 lgs=1
008             00 19 27.375 +35 10 42.64 2000.0 vmag=10.16 b-v=0.55 lgs=1
009             00 21 35.975 +16 27 17.96 2000.0 vmag=10.15 b-v=0.59 lgs=1
010             00 23 34.427 -05 44 13.81 2000.0 vmag=10.06 b-v=0.54 lgs=1
011             00 26  4.162 +34 47 32.84 2000.0 vmag=10.10 b-v=0.59 lgs=1
012             00 31 38.486 +14 13 52.96 2000.0 vmag=10.09 b-v=0.59 lgs=1
013             00 34 41.918 +34 15 31.45 2000.0 vmag=10.19 b-v=0.52 lgs=1
014             00 35 11.166 +14 52 17.47 2000.0 vmag=10.10 b-v=0.74 lgs=1
015             00 37 45.355 -05 44  8.40 2000.0 vmag=10.14 b-v=0.66 lgs=1
016             00 39 10.977 +35 37 53.85 2000.0 vmag=10.11 b-v=0.73 lgs=1
017             00 42 10.668 +14 42 53.60 2000.0 vmag=10.03 b-v=0.64 lgs=1
018             00 43 52.819 +15 09 17.76 2000.0 vmag=10.15 b-v=0.63 lgs=1
019             00 45 11.733 -03 53 15.05 2000.0 vmag=10.08 b-v=0.58 lgs=1
020             00 46 18.611 +15 32 43.90 2000.0 vmag=10.10 b-v=0.55 lgs=1
021             00 46 53.364 +34 50 34.51 2000.0 vmag=10.12 b-v=0.48 lgs=1
022             00 46 55.734 +34 51 33.20 2000.0 vmag=10.10 b-v=0.58 lgs=1
023             00 51 15.465 +15 33 33.29 2000.0 vmag=10.09 b-v=0.67 lgs=1
024             00 52 49.676 -04 59  8.69 2000.0 vmag=10.04 b-v=0.64 lgs=1
025             01 01 36.450 +16 02 59.55 2000.0 vmag=10.15 b-v=0.35 lgs=1
026             01 06 51.171 +15 44 26.90 2000.0 vmag=10.08 b-v=0.40 lgs=1
027             01 08 39.542 +14 40 57.28 2000.0 vmag=10.02 b-v=0.63 lgs=1
028             01 09 52.513 -05 27  0.73 2000.0 vmag=10.09 b-v=0.59 lgs=1
029             01 12 44.809 +35 14 16.99 2000.0 vmag=10.07 b-v=0.70 lgs=1
030             01 13 30.677 +15 22 58.89 2000.0 vmag=10.18 b-v=0.70 lgs=1
031             01 18 56.510 +35 07  9.99 2000.0 vmag=10.20 b-v=0.60 lgs=1
032             01 19 22.781 -03 40 22.20 2000.0 vmag=10.07 b-v=0.35 lgs=1
033             01 21 36.550 +16 41 30.14 2000.0 vmag=10.11 b-v=0.66 lgs=1
034             01 28 28.105 +36 02 51.51 2000.0 vmag=10.15 b-v=0.53 lgs=1
035             01 29 57.551 -05 44 21.36 2000.0 vmag=10.18 b-v=0.45 lgs=1
036             01 29 58.574 +16 12 27.42 2000.0 vmag=10.18 b-v=0.45 lgs=1
037             01 33 53.232 +14 16  6.24 2000.0 vmag=10.19 b-v=0.66 lgs=1
038             01 34 13.027 +35 24 22.91 2000.0 vmag=10.03 b-v=0.42 lgs=1
039             01 36 41.572 -05 47  6.32 2000.0 vmag=10.04 b-v=0.62 lgs=1
040             01 37  7.404 +15 06  0.71 2000.0 vmag=10.15 b-v=0.44 lgs=1
041             01 37 29.757 +14 52 52.95 2000.0 vmag=10.13 b-v=0.46 lgs=1
042             01 39 42.718 +34 53 29.44 2000.0 vmag=10.20 b-v=0.61 lgs=1
043             01 44 36.835 +34 58 31.10 2000.0 vmag=10.05 b-v=0.60 lgs=1
044             01 47 48.988 +14 50 24.81 2000.0 vmag=10.06 b-v=0.73 lgs=1
045             01 49  1.746 +35 04  8.47 2000.0 vmag=10.11 b-v=0.57 lgs=1
046             01 56 37.100 -04 58 16.68 2000.0 vmag=10.17 b-v=0.58 lgs=1
047             01 56 43.727 +35 05 14.26 2000.0 vmag=10.20 b-v=0.59 lgs=1
048             01 58  6.255 +34 43 54.97 2000.0 vmag=10.09 b-v=0.65 lgs=1
049             02 00 52.465 +14 47 11.59 2000.0 vmag=10.02 b-v=0.52 lgs=1
050             02 05 42.981 -04 20 50.31 2000.0 vmag=10.08 b-v=0.48 lgs=1
051             02 06 50.896 +34 35 40.59 2000.0 vmag=10.00 b-v=0.63 lgs=1
052             02 08 56.164 +34 50 32.64 2000.0 vmag=10.18 b-v=0.70 lgs=1
053             02 13 24.079 +15 29 28.72 2000.0 vmag=10.08 b-v=0.38 lgs=1
054             02 14 45.939 +35 17 48.69 2000.0 vmag=10.16 b-v=0.45 lgs=1
055             02 14 53.192 -04 34 40.35 2000.0 vmag=10.18 b-v=0.59 lgs=1
056             02 16 25.582 -05 11 47.11 2000.0 vmag=10.11 b-v=0.46 lgs=1
057             02 17 18.379 +34 30 52.89 2000.0 vmag=10.12 b-v=0.46 lgs=1
058             02 18 12.561 -04 58 16.23 2000.0 vmag=10.18 b-v=0.48 lgs=1
059             02 21 43.469 +35 44 59.62 2000.0 vmag=10.06 b-v=0.52 lgs=1
060             02 24  3.494 -04 11 28.60 2000.0 vmag=10.07 b-v=0.51 lgs=1
061             02 26 41.629 -04 51  9.78 2000.0 vmag=10.08 b-v=0.68 lgs=1
062             02 27  1.145 -05 10 28.08 2000.0 vmag=10.01 b-v=0.51 lgs=1
063             02 28 26.076 +14 46  1.57 2000.0 vmag=10.15 b-v=0.40 lgs=1
064             02 28 54.406 +34 42 21.81 2000.0 vmag=10.00 b-v=0.40 lgs=1
065             02 31 21.652 -04 47 26.59 2000.0 vmag=10.17 b-v=0.40 lgs=1
066             02 34 41.237 -05 03 44.70 2000.0 vmag=10.13 b-v=0.70 lgs=1
067             02 37 29.705 +34 12 40.57 2000.0 vmag=10.19 b-v=0.50 lgs=1
068             02 38 55.618 +15 26 17.76 2000.0 vmag=10.16 b-v=0.63 lgs=1
069             02 40 21.564 -04 55 26.70 2000.0 vmag=10.20 b-v=0.68 lgs=1
070             02 41 40.127 +35 40 38.73 2000.0 vmag=10.15 b-v=0.65 lgs=1
071             02 43 27.113 +34 35  0.25 2000.0 vmag=10.17 b-v=0.38 lgs=1
072             02 45 17.873 +14 45 50.30 2000.0 vmag=10.02 b-v=0.66 lgs=1
073             02 45 34.920 +34 38 32.88 2000.0 vmag=10.07 b-v=0.48 lgs=1
074             02 45 37.423 +15 15 17.38 2000.0 vmag=10.10 b-v=0.39 lgs=1
075             02 47 52.213 -04 21 44.67 2000.0 vmag=10.14 b-v=0.51 lgs=1
076             02 50 46.450 -04 26 47.36 2000.0 vmag=10.15 b-v=0.46 lgs=1
077             02 53 31.123 +34 48  9.88 2000.0 vmag=10.19 b-v=0.56 lgs=1
078             02 53 47.511 +14 36 14.39 2000.0 vmag=10.02 b-v=0.61 lgs=1
079             02 57 58.942 +34 37 56.57 2000.0 vmag=10.05 b-v=0.62 lgs=1
080             03 02 47.689 -04 38  6.24 2000.0 vmag=10.13 b-v=0.60 lgs=1
081             03 04 53.989 -05 08 24.38 2000.0 vmag=10.14 b-v=0.40 lgs=1
082             03 05 25.304 +13 38 27.95 2000.0 vmag=10.16 b-v=0.59 lgs=1
083             03 07 11.095 +13 37 59.31 2000.0 vmag=10.01 b-v=0.69 lgs=1
084             03 09 24.152 +34 39 27.08 2000.0 vmag=10.14 b-v=0.51 lgs=1
085             03 09 54.663 -04 03 32.88 2000.0 vmag=10.09 b-v=0.63 lgs=1
086             03 16 33.325 +15 38 20.77 2000.0 vmag=10.02 b-v=0.52 lgs=1
087             03 19 35.061 -05 58 20.29 2000.0 vmag=10.15 b-v=0.47 lgs=1
088             03 21 47.396 +35 06 28.98 2000.0 vmag=10.11 b-v=0.66 lgs=1
089             03 23 31.662 -05 02 43.03 2000.0 vmag=10.20 b-v=0.66 lgs=1
090             03 24 58.371 +16 03 14.57 2000.0 vmag=10.01 b-v=0.44 lgs=1
091             03 26 19.234 -04 49 41.74 2000.0 vmag=10.00 b-v=0.46 lgs=1
092             03 27 37.268 +15 18 57.56 2000.0 vmag=10.18 b-v=0.53 lgs=1
093             03 31 20.687 -05 03 52.82 2000.0 vmag=10.15 b-v=0.59 lgs=1
094             03 35 29.531 +15 20 44.96 2000.0 vmag=10.18 b-v=0.41 lgs=1
095             03 36  0.250 +34 29 41.42 2000.0 vmag=10.14 b-v=0.61 lgs=1
096             03 41 30.233 -06 32 35.55 2000.0 vmag=10.13 b-v=0.33 lgs=1
097             03 42 15.530 +14 31 17.74 2000.0 vmag=10.05 b-v=0.55 lgs=1
098             03 43 48.500 +34 23 36.64 2000.0 vmag=10.06 b-v=0.62 lgs=1
099             03 46 59.360 -05 49 27.20 2000.0 vmag=10.04 b-v=0.62 lgs=1
100             03 48 49.592 +15 24 10.73 2000.0 vmag=10.06 b-v=0.55 lgs=1
101             03 51 46.233 +34 52 59.23 2000.0 vmag=10.00 b-v=0.53 lgs=1
102             03 53 18.091 +34 54 35.06 2000.0 vmag=10.19 b-v=0.47 lgs=1
103             04 03 28.482 +15 21 53.97 2000.0 vmag=10.06 b-v=0.51 lgs=1
104             04 09 56.291 +15 52  5.35 2000.0 vmag=10.06 b-v=0.67 lgs=1
105             04 13 58.940 +14 30 12.80 2000.0 vmag=10.15 b-v=0.65 lgs=1
106             04 15  1.034 +15 44 15.92 2000.0 vmag=10.05 b-v=0.65 lgs=1
107             04 16  3.010 +34 35 34.33 2000.0 vmag=10.15 b-v=0.44 lgs=1
108             04 17 39.745 -05 25 13.30 2000.0 vmag=10.15 b-v=0.50 lgs=1
109             04 21 52.737 -04 15 17.99 2000.0 vmag=10.20 b-v=0.48 lgs=1
110             04 23 35.239 +34 56  4.81 2000.0 vmag=10.18 b-v=0.43 lgs=1
111             04 24 26.236 +13 59 47.96 2000.0 vmag=10.09 b-v=0.57 lgs=1
112             04 27 32.284 -04 50 45.32 2000.0 vmag=10.09 b-v=0.70 lgs=1
113             04 30 14.130 -05 09  9.12 2000.0 vmag=10.12 b-v=0.60 lgs=1
114             04 31 35.081 -05 18 17.84 2000.0 vmag=10.07 b-v=0.52 lgs=1
115             04 32 10.697 +35 04  7.64 2000.0 vmag=10.08 b-v=0.64 lgs=1
116             04 35 25.001 +35 20 23.76 2000.0 vmag=10.15 b-v=0.50 lgs=1
117             04 41 19.757 +15 30 42.95 2000.0 vmag=10.00 b-v=0.57 lgs=1
118             04 43 18.460 -05 31 42.99 2000.0 vmag=10.12 b-v=0.39 lgs=1
119             04 49 28.041 +14 20 27.56 2000.0 vmag=10.19 b-v=0.50 lgs=1
120             04 56  5.259 +15 32 37.20 2000.0 vmag=10.08 b-v=0.52 lgs=1
121             04 59  4.574 +35 11 58.54 2000.0 vmag=10.20 b-v=0.64 lgs=1
122             04 59 36.255 +15 01 21.14 2000.0 vmag=10.11 b-v=0.68 lgs=1
123             05 00 40.882 -04 56 16.25 2000.0 vmag=10.07 b-v=0.58 lgs=1
124             05 02 59.584 +15 10 50.25 2000.0 vmag=10.06 b-v=0.64 lgs=1
125             05 04 15.478 +34 27 39.27 2000.0 vmag=10.14 b-v=0.53 lgs=1
126             05 07 43.658 -04 30 47.70 2000.0 vmag=10.19 b-v=0.32 lgs=1
127             05 07 59.270 +15 36 21.58 2000.0 vmag=10.03 b-v=0.58 lgs=1
128             05 11 29.759 +16 05 49.03 2000.0 vmag=10.09 b-v=0.70 lgs=1
129             05 11 42.796 +35 14  1.05 2000.0 vmag=10.01 b-v=0.67 lgs=1
130             05 14 32.000 +35 09 38.92 2000.0 vmag=10.10 b-v=0.73 lgs=1
131             05 16  5.547 -05 14 17.94 2000.0 vmag=10.16 b-v=0.60 lgs=1
132             05 17 29.662 +13 54  9.28 2000.0 vmag=10.12 b-v=0.65 lgs=1
133             05 18 26.732 -04 37 15.95 2000.0 vmag=10.01 b-v=0.56 lgs=1
134             05 21 17.931 +35 29 23.92 2000.0 vmag=10.19 b-v=0.68 lgs=1
135             05 22  8.510 +34 56 30.13 2000.0 vmag=10.10 b-v=0.34 lgs=1
136             05 25 59.000 +35 22 24.91 2000.0 vmag=10.16 b-v=0.55 lgs=1
137             05 26 31.110 -04 47 40.87 2000.0 vmag=10.14 b-v=0.65 lgs=1
138             05 26 41.118 -05 09 24.21 2000.0 vmag=10.03 b-v=0.42 lgs=1
139             05 26 58.158 +14 12 13.97 2000.0 vmag=10.08 b-v=0.69 lgs=1
140             05 27 29.320 +34 25  2.63 2000.0 vmag=10.01 b-v=0.62 lgs=1
141             05 28 58.368 -04 42  1.94 2000.0 vmag=10.09 b-v=0.75 lgs=1
142             05 33 55.229 -05 38 50.43 2000.0 vmag=10.11 b-v=0.43 lgs=1
143             05 34 24.742 +13 55 43.26 2000.0 vmag=10.00 b-v=0.75 lgs=1
144             05 34 33.088 +34 57 30.89 2000.0 vmag=10.10 b-v=0.60 lgs=1
145             05 35 51.957 +35 27 26.72 2000.0 vmag=10.07 b-v=0.60 lgs=1
146             05 38 47.499 +13 50 56.33 2000.0 vmag=10.13 b-v=0.64 lgs=1
147             05 40 54.141 -05 02 15.06 2000.0 vmag=10.04 b-v=0.57 lgs=1
148             05 41  5.611 +35 23 23.00 2000.0 vmag=10.05 b-v=0.58 lgs=1
149             05 43 57.638 -04 30 34.73 2000.0 vmag=10.08 b-v=0.69 lgs=1
150             05 44  9.569 +16 03 17.18 2000.0 vmag=10.14 b-v=0.45 lgs=1
151             05 45  7.492 +34 53 37.78 2000.0 vmag=10.11 b-v=0.56 lgs=1
152             05 47 53.705 +14 01 25.99 2000.0 vmag=10.16 b-v=0.31 lgs=1
153             05 50  6.047 +35 04 59.66 2000.0 vmag=10.17 b-v=0.37 lgs=1
154             05 53 21.180 +35 26 41.67 2000.0 vmag=10.19 b-v=0.51 lgs=1
155             05 58 56.378 +14 24 12.68 2000.0 vmag=10.06 b-v=0.70 lgs=1
156             05 59 35.126 +34 16 32.43 2000.0 vmag=10.10 b-v=0.38 lgs=1
157             06 06  4.787 +14 21 33.25 2000.0 vmag=10.15 b-v=0.36 lgs=1
158             06 06 12.330 +35 25 37.18 2000.0 vmag=10.10 b-v=0.34 lgs=1
159             06 08 17.244 -05 44 33.62 2000.0 vmag=10.00 b-v=0.46 lgs=1
160             06 10  6.553 +34 35  8.88 2000.0 vmag=10.14 b-v=0.39 lgs=1
161             06 11  7.727 +35 15 33.61 2000.0 vmag=10.09 b-v=0.56 lgs=1
162             06 13 32.207 -04 05  9.32 2000.0 vmag=10.05 b-v=0.43 lgs=1
163             06 13 50.759 +15 24  7.20 2000.0 vmag=10.16 b-v=0.63 lgs=1
164             06 14 34.609 -05 50 15.89 2000.0 vmag=10.06 b-v=0.65 lgs=1
165             06 15  6.425 +35 20 49.90 2000.0 vmag=10.15 b-v=0.64 lgs=1
166             06 18 19.808 +35 47 24.05 2000.0 vmag=10.04 b-v=0.40 lgs=1
167             06 19 33.906 -04 26 13.82 2000.0 vmag=10.18 b-v=0.46 lgs=1
168             06 20 14.006 +15 01 52.93 2000.0 vmag=10.16 b-v=0.45 lgs=1
169             06 22 39.706 -05 27 58.96 2000.0 vmag=10.01 b-v=0.73 lgs=1
170             06 23 35.349 +14 11 12.97 2000.0 vmag=10.05 b-v=0.58 lgs=1
171             06 26 14.724 -04 45 22.82 2000.0 vmag=10.00 b-v=0.38 lgs=1
172             06 26 59.224 +34 13 30.00 2000.0 vmag=10.14 b-v=0.64 lgs=1
173             06 28 44.540 +15 14  9.68 2000.0 vmag=10.01 b-v=0.39 lgs=1
174             06 29 43.380 +15 09  7.64 2000.0 vmag=10.07 b-v=0.39 lgs=1
175             06 34  0.717 +34 35 26.96 2000.0 vmag=10.11 b-v=0.44 lgs=1
176             06 36  6.318 +14 52  3.80 2000.0 vmag=10.17 b-v=0.65 lgs=1
177             06 38 18.471 +14 43 27.71 2000.0 vmag=10.08 b-v=0.64 lgs=1
178             06 40 11.049 -05 11 59.20 2000.0 vmag=10.06 b-v=0.41 lgs=1
179             06 40 38.948 +36 02  5.55 2000.0 vmag=10.13 b-v=0.73 lgs=1
180             06 42 11.441 +14 51 22.63 2000.0 vmag=10.14 b-v=0.63 lgs=1
181             06 46 30.190 +35 52 27.09 2000.0 vmag=10.13 b-v=0.65 lgs=1
182             07 04 34.720 +14 53  9.59 2000.0 vmag=10.15 b-v=0.74 lgs=1
183             07 07 57.919 +14 42 22.75 2000.0 vmag=10.17 b-v=0.40 lgs=1
184             07 15 25.783 +14 14 12.39 2000.0 vmag=10.19 b-v=0.66 lgs=1
185             07 17 20.943 +14 20 37.23 2000.0 vmag=10.12 b-v=0.53 lgs=1
186             07 17 56.118 -04 34 43.97 2000.0 vmag=10.05 b-v=0.51 lgs=1
187             07 18  0.583 +34 44 37.04 2000.0 vmag=10.14 b-v=0.67 lgs=1
188             07 18 34.734 +14 27 20.85 2000.0 vmag=10.19 b-v=0.48 lgs=1
189             07 18 59.683 +35 18 12.43 2000.0 vmag=10.07 b-v=0.44 lgs=1
190             07 24 28.206 -04 36 29.52 2000.0 vmag=10.03 b-v=0.54 lgs=1
191             07 25 57.501 +34 50 44.99 2000.0 vmag=10.09 b-v=0.72 lgs=1
192             07 28 20.499 +15 17 47.66 2000.0 vmag=10.08 b-v=0.51 lgs=1
193             07 29 13.816 -04 49  6.26 2000.0 vmag=10.03 b-v=0.34 lgs=1
194             07 31 14.010 +35 40 20.62 2000.0 vmag=10.05 b-v=0.39 lgs=1
195             07 34 52.789 +14 24 48.61 2000.0 vmag=10.06 b-v=0.44 lgs=1
196             07 35 49.427 +35 20  5.93 2000.0 vmag=10.07 b-v=0.34 lgs=1
197             07 39  0.624 +14 33 47.77 2000.0 vmag=10.07 b-v=0.45 lgs=1
198             07 41  3.847 +14 31 21.18 2000.0 vmag=10.18 b-v=0.34 lgs=1
199             07 43 44.401 +15 20 54.17 2000.0 vmag=10.00 b-v=0.36 lgs=1
200             07 55 52.640 +34 52 44.17 2000.0 vmag=10.06 b-v=0.54 lgs=1
201             07 58 12.495 +15 09 34.14 2000.0 vmag=10.05 b-v=0.44 lgs=1
202             07 59 56.272 -05 00 30.13 2000.0 vmag=10.04 b-v=0.60 lgs=1
203             08 03 43.796 -04 58 39.45 2000.0 vmag=10.11 b-v=0.50 lgs=1
204             08 06 21.523 +34 46 19.08 2000.0 vmag=10.03 b-v=0.62 lgs=1
205             08 08 17.411 -05 10 33.44 2000.0 vmag=10.03 b-v=0.46 lgs=1
206             08 08 33.178 +14 50 28.31 2000.0 vmag=10.18 b-v=0.62 lgs=1
207             08 12 24.661 -05 17 11.21 2000.0 vmag=10.08 b-v=0.44 lgs=1
208             08 13 34.445 +34 37 15.98 2000.0 vmag=10.12 b-v=0.48 lgs=1
209             08 13 58.122 -05 08  5.71 2000.0 vmag=10.12 b-v=0.57 lgs=1
210             08 20  0.066 +15 19  9.96 2000.0 vmag=10.08 b-v=0.38 lgs=1
211             08 21  0.877 -05 31 19.02 2000.0 vmag=10.02 b-v=0.63 lgs=1
212             08 21 17.294 +34 57 12.91 2000.0 vmag=10.03 b-v=0.42 lgs=1
213             08 25 16.499 +15 48 40.63 2000.0 vmag=10.06 b-v=0.72 lgs=1
214             08 26 44.493 +33 55  3.88 2000.0 vmag=10.15 b-v=0.32 lgs=1
215             08 28 39.974 +14 35 59.06 2000.0 vmag=10.16 b-v=0.69 lgs=1
216             08 29 36.691 -04 19  1.52 2000.0 vmag=10.05 b-v=0.32 lgs=1
217             08 33 27.332 -05 31  2.38 2000.0 vmag=10.11 b-v=0.54 lgs=1
218             08 35 44.518 -05 31 13.22 2000.0 vmag=10.09 b-v=0.48 lgs=1
219             08 36 47.737 +15 05  1.98 2000.0 vmag=10.02 b-v=0.52 lgs=1
220             08 38  0.723 +34 13 11.43 2000.0 vmag=10.19 b-v=0.46 lgs=1
221             08 40 59.836 +35 44  8.69 2000.0 vmag=10.20 b-v=0.71 lgs=1
222             08 41 18.989 -05 00 46.12 2000.0 vmag=10.12 b-v=0.49 lgs=1
223             08 42 48.456 +15 27 22.69 2000.0 vmag=10.18 b-v=0.70 lgs=1
224             08 48 47.536 -04 45 50.99 2000.0 vmag=10.13 b-v=0.46 lgs=1
225             08 52 42.728 +35 01  3.08 2000.0 vmag=10.20 b-v=0.41 lgs=1
226             08 54 26.113 +14 12 50.05 2000.0 vmag=10.09 b-v=0.61 lgs=1
227             09 03 24.782 +15 29 50.85 2000.0 vmag=10.17 b-v=0.61 lgs=1
228             09 07 10.180 +34 46 12.98 2000.0 vmag=10.07 b-v=0.41 lgs=1
229             09 09 34.270 +16 19  1.85 2000.0 vmag=10.15 b-v=0.55 lgs=1
230             09 10 23.359 -05 52 48.95 2000.0 vmag=10.01 b-v=0.56 lgs=1
231             09 14 20.940 +35 43 49.60 2000.0 vmag=10.16 b-v=0.35 lgs=1
232             09 16 15.304 -05 52 12.40 2000.0 vmag=10.01 b-v=0.39 lgs=1
233             09 16 18.053 +15 27  2.44 2000.0 vmag=10.05 b-v=0.56 lgs=1
234             09 23  6.348 +33 39 13.84 2000.0 vmag=10.20 b-v=0.65 lgs=1
235             09 23 20.399 -05 08 21.94 2000.0 vmag=10.07 b-v=0.65 lgs=1
236             09 26 50.656 +33 47 54.68 2000.0 vmag=10.17 b-v=0.41 lgs=1
237             09 30 35.490 +15 22 53.35 2000.0 vmag=10.12 b-v=0.72 lgs=1
238             09 36 36.887 -04 46 35.84 2000.0 vmag=10.16 b-v=0.59 lgs=1
239             09 38 21.111 +13 59 35.53 2000.0 vmag=10.08 b-v=0.68 lgs=1
240             09 41  2.961 +35 30  2.66 2000.0 vmag=10.07 b-v=0.70 lgs=1
241             09 41 37.530 -03 37 56.30 2000.0 vmag=10.12 b-v=0.35 lgs=1
242             09 46 13.377 +14 14  9.61 2000.0 vmag=10.14 b-v=0.40 lgs=1
243             09 47  2.457 +35 13  9.41 2000.0 vmag=10.14 b-v=0.69 lgs=1
244             09 48 22.468 -05 10  5.89 2000.0 vmag=10.20 b-v=0.41 lgs=1
245             09 56 47.922 +14 47 16.29 2000.0 vmag=10.10 b-v=0.45 lgs=1
246             10 10  3.367 +14 54 26.51 2000.0 vmag=10.16 b-v=0.49 lgs=1
247             10 14  8.814 +35 03 35.29 2000.0 vmag=10.06 b-v=0.54 lgs=1
248             10 18  7.801 -04 28 18.85 2000.0 vmag=10.02 b-v=0.74 lgs=1
249             10 23 18.191 +34 28 25.61 2000.0 vmag=10.05 b-v=0.69 lgs=1
250             10 24 52.240 +14 05 35.45 2000.0 vmag=10.05 b-v=0.68 lgs=1
251             10 27  4.141 +33 49 59.21 2000.0 vmag=10.10 b-v=0.34 lgs=1
252             10 27 18.289 +14 51  9.37 2000.0 vmag=10.04 b-v=0.57 lgs=1
253             10 32 15.261 +14 49 43.72 2000.0 vmag=10.10 b-v=0.61 lgs=1
254             10 33 32.949 +15 12 47.85 2000.0 vmag=10.03 b-v=0.65 lgs=1
255             10 35 42.682 -04 42 36.81 2000.0 vmag=10.01 b-v=0.44 lgs=1
256             10 37  8.757 +35 09 15.50 2000.0 vmag=10.10 b-v=0.65 lgs=1
257             10 38 41.737 +35 25 33.96 2000.0 vmag=10.14 b-v=0.37 lgs=1
258             10 38 43.530 -04 56 39.93 2000.0 vmag=10.02 b-v=0.60 lgs=1
259             10 39  4.742 +14 18 42.02 2000.0 vmag=10.01 b-v=0.37 lgs=1
260             10 41 31.761 -04 47 44.88 2000.0 vmag=10.10 b-v=0.60 lgs=1
261             10 41 57.848 +15 52 44.52 2000.0 vmag=10.01 b-v=0.71 lgs=1
262             10 43 32.318 +34 30 35.73 2000.0 vmag=10.16 b-v=0.49 lgs=1
263             10 48 38.684 -04 41 23.94 2000.0 vmag=10.08 b-v=0.44 lgs=1
264             10 48 46.099 +35 08 53.67 2000.0 vmag=10.14 b-v=0.40 lgs=1
265             10 49 23.738 +34 38 20.16 2000.0 vmag=10.19 b-v=0.49 lgs=1
266             10 51 20.935 +14 52 16.95 2000.0 vmag=10.01 b-v=0.55 lgs=1
267             10 53 18.551 +15 05 10.46 2000.0 vmag=10.09 b-v=0.51 lgs=1
268             10 56 42.714 +34 43 48.47 2000.0 vmag=10.05 b-v=0.66 lgs=1
269             10 59 19.421 -04 53  2.23 2000.0 vmag=10.05 b-v=0.32 lgs=1
270             11 07 13.142 -03 51 55.01 2000.0 vmag=10.17 b-v=0.60 lgs=1
271             11 10 50.903 +16 19 16.87 2000.0 vmag=10.20 b-v=0.61 lgs=1
272             11 15 58.097 +14 16 45.89 2000.0 vmag=10.03 b-v=0.31 lgs=1
273             11 16 18.669 -03 56  5.02 2000.0 vmag=10.06 b-v=0.63 lgs=1
274             11 17 24.129 +34 30  7.93 2000.0 vmag=10.11 b-v=0.68 lgs=1
275             11 17 46.166 -04 11  9.48 2000.0 vmag=10.12 b-v=0.43 lgs=1
276             11 18 20.937 +14 20 27.70 2000.0 vmag=10.06 b-v=0.53 lgs=1
277             11 19 38.327 -05 39 14.02 2000.0 vmag=10.18 b-v=0.48 lgs=1
278             11 23 40.671 -04 41 46.86 2000.0 vmag=10.09 b-v=0.59 lgs=1
279             11 27 57.822 -05 38 34.10 2000.0 vmag=10.08 b-v=0.67 lgs=1
280             11 30 11.335 +36 35  9.73 2000.0 vmag=10.20 b-v=0.56 lgs=1
281             11 30 27.441 +14 50 57.73 2000.0 vmag=10.06 b-v=0.65 lgs=1
282             11 35  2.582 +16 00 38.00 2000.0 vmag=10.08 b-v=0.48 lgs=1
283             11 38 13.658 +35 21 58.16 2000.0 vmag=10.15 b-v=0.66 lgs=1
284             11 39 16.723 -05 13 23.48 2000.0 vmag=10.15 b-v=0.74 lgs=1
285             11 42 28.144 +13 38 11.83 2000.0 vmag=10.10 b-v=0.58 lgs=1
286             11 54 16.494 -06 10 32.45 2000.0 vmag=10.02 b-v=0.56 lgs=1
287             11 57  8.823 +34 08 34.90 2000.0 vmag=10.17 b-v=0.51 lgs=1
288             12 05 37.322 +15 27 29.08 2000.0 vmag=10.07 b-v=0.73 lgs=1
289             12 09 13.783 +35 00 25.01 2000.0 vmag=10.06 b-v=0.51 lgs=1
290             12 11 12.003 -03 58 40.05 2000.0 vmag=10.02 b-v=0.65 lgs=1
291             12 11 46.576 +13 34 20.02 2000.0 vmag=10.05 b-v=0.70 lgs=1
292             12 17 39.194 -04 25 24.44 2000.0 vmag=10.02 b-v=0.60 lgs=1
293             12 18 49.678 +14 47 50.30 2000.0 vmag=10.06 b-v=0.73 lgs=1
294             12 20 20.205 +33 43 54.89 2000.0 vmag=10.03 b-v=0.53 lgs=1
295             12 21 12.486 +15 01  0.08 2000.0 vmag=10.16 b-v=0.52 lgs=1
296             12 22 12.057 +14 22 15.05 2000.0 vmag=10.18 b-v=0.59 lgs=1
297             12 26 22.359 -05 06 26.47 2000.0 vmag=10.19 b-v=0.44 lgs=1
298             12 30 24.515 +35 45 37.37 2000.0 vmag=10.13 b-v=0.70 lgs=1
299             12 32 46.007 +15 35 30.87 2000.0 vmag=10.15 b-v=0.56 lgs=1
300             12 36 12.965 -06 24 48.91 2000.0 vmag=10.18 b-v=0.72 lgs=1
301             12 40 39.960 +15 12 54.94 2000.0 vmag=10.05 b-v=0.50 lgs=1
302             12 45 52.919 +14 31 51.03 2000.0 vmag=10.10 b-v=0.46 lgs=1
303             12 46  9.067 -04 54 12.14 2000.0 vmag=10.02 b-v=0.53 lgs=1
304             12 46 42.418 +33 49 16.97 2000.0 vmag=10.08 b-v=0.63 lgs=1
305             12 47 23.790 +15 14 54.86 2000.0 vmag=10.06 b-v=0.39 lgs=1
306             12 51  6.444 +33 22 41.29 2000.0 vmag=10.04 b-v=0.50 lgs=1
307             12 51 50.681 -05 48 49.88 2000.0 vmag=10.12 b-v=0.68 lgs=1
308             12 52 12.817 +14 56 49.84 2000.0 vmag=10.16 b-v=0.65 lgs=1
309             13 10 52.368 +35 02 53.50 2000.0 vmag=10.02 b-v=0.70 lgs=1
310             13 11 56.063 +14 40 23.25 2000.0 vmag=10.16 b-v=0.41 lgs=1
311             13 14 48.088 -04 18 53.39 2000.0 vmag=10.18 b-v=0.48 lgs=1
312             13 18 40.443 +34 36 53.93 2000.0 vmag=10.17 b-v=0.48 lgs=1
313             13 19  7.668 +15 08 17.10 2000.0 vmag=10.19 b-v=0.62 lgs=1
314             13 22 21.116 -04 14 30.94 2000.0 vmag=10.01 b-v=0.67 lgs=1
315             13 22 39.339 +35 21  2.49 2000.0 vmag=10.01 b-v=0.56 lgs=1
316             13 25 10.430 +15 17 28.61 2000.0 vmag=10.02 b-v=0.33 lgs=1
317             13 25 29.727 +15 08 23.91 2000.0 vmag=10.05 b-v=0.56 lgs=1
318             13 33 10.329 +34 07 40.04 2000.0 vmag=10.19 b-v=0.64 lgs=1
319             13 34 55.765 -06 06 39.64 2000.0 vmag=10.05 b-v=0.48 lgs=1
320             13 35 36.956 +14 52 13.41 2000.0 vmag=10.16 b-v=0.61 lgs=1
321             13 39 35.664 -04 59 40.09 2000.0 vmag=10.15 b-v=0.73 lgs=1
322             13 42 44.535 -05 17  3.97 2000.0 vmag=10.07 b-v=0.47 lgs=1
323             13 42 58.242 +35 07 49.85 2000.0 vmag=10.09 b-v=0.61 lgs=1
324             13 43 16.469 +14 50 22.01 2000.0 vmag=10.19 b-v=0.42 lgs=1
325             13 50 25.831 -05 29 17.68 2000.0 vmag=10.16 b-v=0.39 lgs=1
326             13 54 46.258 +36 12 43.84 2000.0 vmag=10.10 b-v=0.52 lgs=1
327             13 58 39.324 +15 23 46.41 2000.0 vmag=10.12 b-v=0.63 lgs=1
328             14 00 17.793 -06 46 24.32 2000.0 vmag=10.11 b-v=0.65 lgs=1
329             14 03 39.053 +34 55 36.72 2000.0 vmag=10.01 b-v=0.59 lgs=1
330             14 08 25.212 -05 49 49.27 2000.0 vmag=10.04 b-v=0.51 lgs=1
331             14 09 32.466 +35 48 25.45 2000.0 vmag=10.04 b-v=0.46 lgs=1
332             14 11 52.957 +16 39 44.57 2000.0 vmag=10.20 b-v=0.69 lgs=1
333             14 13 10.311 -05 33 46.29 2000.0 vmag=10.17 b-v=0.43 lgs=1
334             14 17 37.893 -05 58 36.73 2000.0 vmag=10.00 b-v=0.50 lgs=1
335             14 19  7.225 +14 29  2.52 2000.0 vmag=10.02 b-v=0.62 lgs=1
336             14 19 25.455 +34 52 21.10 2000.0 vmag=10.11 b-v=0.64 lgs=1
337             14 22 48.918 -04 41 53.12 2000.0 vmag=10.02 b-v=0.56 lgs=1
338             14 24 52.675 +35 32 13.12 2000.0 vmag=10.05 b-v=0.71 lgs=1
339             14 34  1.708 -05 07  9.34 2000.0 vmag=10.13 b-v=0.62 lgs=1
340             14 36 41.271 +15 04 23.28 2000.0 vmag=10.15 b-v=0.52 lgs=1
341             14 37  2.622 -05 13 20.29 2000.0 vmag=10.19 b-v=0.48 lgs=1
342             14 37  3.535 +34 52  8.94 2000.0 vmag=10.13 b-v=0.63 lgs=1
343             14 39 27.572 +15 23 51.40 2000.0 vmag=10.18 b-v=0.61 lgs=1
344             14 46 52.744 +15 22 43.11 2000.0 vmag=10.10 b-v=0.69 lgs=1
345             14 48 58.859 +35 41 23.44 2000.0 vmag=10.10 b-v=0.69 lgs=1
346             14 53 13.891 -05 28 56.99 2000.0 vmag=10.03 b-v=0.48 lgs=1
347             14 55 25.407 +13 47 23.55 2000.0 vmag=10.18 b-v=0.75 lgs=1
348             14 56 54.368 +34 28 48.40 2000.0 vmag=10.06 b-v=0.51 lgs=1
349             14 59  5.006 +34 34 31.25 2000.0 vmag=10.19 b-v=0.60 lgs=1
350             15 00  0.820 +14 21  2.35 2000.0 vmag=10.14 b-v=0.60 lgs=1
351             15 03  3.256 -03 54 31.71 2000.0 vmag=10.18 b-v=0.62 lgs=1
352             15 13 47.251 +14 26 59.19 2000.0 vmag=10.14 b-v=0.57 lgs=1
353             15 16  6.913 +35 23 51.47 2000.0 vmag=10.12 b-v=0.45 lgs=1
354             15 16 22.339 +14 34 46.40 2000.0 vmag=10.14 b-v=0.51 lgs=1
355             15 17  5.663 -04 47 31.13 2000.0 vmag=10.09 b-v=0.51 lgs=1
356             15 20 23.654 -04 39 40.40 2000.0 vmag=10.12 b-v=0.31 lgs=1
357             15 20 46.847 +34 59  0.54 2000.0 vmag=10.06 b-v=0.71 lgs=1
358             15 26 11.519 +14 53 42.95 2000.0 vmag=10.14 b-v=0.62 lgs=1
359             15 27 38.488 +15 01  1.36 2000.0 vmag=10.13 b-v=0.37 lgs=1
360             15 35 43.847 -05 13 43.50 2000.0 vmag=10.15 b-v=0.54 lgs=1
361             15 35 50.246 +14 16 54.91 2000.0 vmag=10.03 b-v=0.47 lgs=1
362             15 36 40.032 +36 33 27.68 2000.0 vmag=10.03 b-v=0.56 lgs=1
363             15 39 28.472 -05 37 11.05 2000.0 vmag=10.18 b-v=0.57 lgs=1
364             15 41 16.944 -05 42 51.54 2000.0 vmag=10.13 b-v=0.52 lgs=1
365             15 43  9.410 +35 20 56.64 2000.0 vmag=10.03 b-v=0.61 lgs=1
366             15 43 47.959 +14 30  2.30 2000.0 vmag=10.11 b-v=0.53 lgs=1
367             15 48 27.320 -05 49 35.44 2000.0 vmag=10.01 b-v=0.38 lgs=1
368             15 52 45.336 +34 17  8.31 2000.0 vmag=10.04 b-v=0.67 lgs=1
369             16 02 33.950 +15 10 40.60 2000.0 vmag=10.06 b-v=0.41 lgs=1
370             16 09  3.868 -05 17 41.64 2000.0 vmag=10.12 b-v=0.66 lgs=1
371             16 09 23.000 +15 10 32.13 2000.0 vmag=10.09 b-v=0.66 lgs=1
372             16 13 44.929 +35 01 47.59 2000.0 vmag=10.11 b-v=0.42 lgs=1
373             16 14 16.636 +14 37 44.53 2000.0 vmag=10.05 b-v=0.64 lgs=1
374             16 14 58.723 +34 57  3.30 2000.0 vmag=10.01 b-v=0.57 lgs=1
375             16 20 48.159 +34 47 47.70 2000.0 vmag=10.11 b-v=0.42 lgs=1
376             16 20 51.354 -03 29 26.26 2000.0 vmag=10.14 b-v=0.65 lgs=1
377             16 23  8.473 +14 46 42.14 2000.0 vmag=10.16 b-v=0.41 lgs=1
378             16 24 34.832 +35 43 12.64 2000.0 vmag=10.19 b-v=0.48 lgs=1
379             16 24 38.199 +15 08 53.74 2000.0 vmag=10.10 b-v=0.45 lgs=1
380             16 27 31.655 -02 50 40.24 2000.0 vmag=10.07 b-v=0.54 lgs=1
381             16 30 49.676 +14 00 13.12 2000.0 vmag=10.08 b-v=0.53 lgs=1
382             16 38  5.585 +15 25 22.12 2000.0 vmag=10.10 b-v=0.44 lgs=1
383             16 38 31.401 +33 55 49.82 2000.0 vmag=10.19 b-v=0.59 lgs=1
384             16 38 36.329 -04 52 20.06 2000.0 vmag=10.12 b-v=0.74 lgs=1
385             16 43 56.580 -05 39  9.49 2000.0 vmag=10.05 b-v=0.54 lgs=1
386             16 44  7.306 +15 11 37.91 2000.0 vmag=10.20 b-v=0.72 lgs=1
387             16 45 42.679 -05 57  5.30 2000.0 vmag=10.06 b-v=0.54 lgs=1
388             16 48 49.352 +15 43  7.99 2000.0 vmag=10.17 b-v=0.58 lgs=1
389             16 52  4.983 -06 36 24.57 2000.0 vmag=10.03 b-v=0.41 lgs=1
390             16 52 12.587 +15 35 12.02 2000.0 vmag=10.02 b-v=0.60 lgs=1
391             16 54 40.520 +35 15 22.88 2000.0 vmag=10.18 b-v=0.39 lgs=1
392             16 55 44.201 +15 45 16.85 2000.0 vmag=10.05 b-v=0.48 lgs=1
393             16 56 35.117 +34 33 29.89 2000.0 vmag=10.06 b-v=0.73 lgs=1
394             16 58 43.430 +14 16 33.16 2000.0 vmag=10.06 b-v=0.53 lgs=1
395             17 04 23.969 +15 21  9.17 2000.0 vmag=10.01 b-v=0.56 lgs=1
396             17 07 19.659 -04 36 57.85 2000.0 vmag=10.13 b-v=0.37 lgs=1
397             17 17  9.723 +14 55 38.95 2000.0 vmag=10.04 b-v=0.47 lgs=1
398             17 20 12.058 -05 15 47.88 2000.0 vmag=10.14 b-v=0.70 lgs=1
399             17 21 18.149 +14 18 40.14 2000.0 vmag=10.19 b-v=0.45 lgs=1
400             17 26 55.208 +15 17 53.51 2000.0 vmag=10.17 b-v=0.58 lgs=1
401             17 26 58.485 +34 19 20.22 2000.0 vmag=10.01 b-v=0.45 lgs=1
402             17 28 26.861 -03 34 14.36 2000.0 vmag=10.04 b-v=0.37 lgs=1
403             17 29  4.523 +34 49 36.38 2000.0 vmag=10.18 b-v=0.51 lgs=1
404             17 31 42.453 +35 35 31.26 2000.0 vmag=10.14 b-v=0.74 lgs=1
405             17 35  7.437 -06 26 22.36 2000.0 vmag=10.07 b-v=0.65 lgs=1
406             17 37 16.528 +14 40 48.94 2000.0 vmag=10.18 b-v=0.49 lgs=1
407             17 37 49.387 +35 01  6.41 2000.0 vmag=10.19 b-v=0.46 lgs=1
408             17 45 26.515 +34 56 51.95 2000.0 vmag=10.19 b-v=0.44 lgs=1
409             17 45 42.230 +14 23  8.11 2000.0 vmag=10.18 b-v=0.51 lgs=1
410             17 51 26.503 +35 41 49.67 2000.0 vmag=10.07 b-v=0.57 lgs=1
411             17 51 45.585 -05 37 24.99 2000.0 vmag=10.05 b-v=0.58 lgs=1
412             17 53 51.629 -05 46 15.33 2000.0 vmag=10.14 b-v=0.50 lgs=1
413             17 59 39.075 +14 19 19.55 2000.0 vmag=10.13 b-v=0.72 lgs=1
414             17 59 43.291 -05 58 45.97 2000.0 vmag=10.04 b-v=0.69 lgs=1
415             18 00 53.483 +35 06 22.08 2000.0 vmag=10.11 b-v=0.52 lgs=1
416             18 05 36.481 +35 10 19.92 2000.0 vmag=10.03 b-v=0.55 lgs=1
417             18 06 40.560 -05 04  3.27 2000.0 vmag=10.18 b-v=0.73 lgs=1
418             18 10 18.662 +35 19 40.94 2000.0 vmag=10.13 b-v=0.56 lgs=1
419             18 12 15.632 +34 52 12.77 2000.0 vmag=10.18 b-v=0.58 lgs=1
420             18 12 47.053 -05 07 32.27 2000.0 vmag=10.08 b-v=0.53 lgs=1
421             18 13 33.155 +14 34  9.98 2000.0 vmag=10.06 b-v=0.53 lgs=1
422             18 14 39.167 -05 11 41.41 2000.0 vmag=10.19 b-v=0.62 lgs=1
423             18 18  9.046 +34 57 28.97 2000.0 vmag=10.02 b-v=0.62 lgs=1
424             18 20 17.137 -04 04 30.28 2000.0 vmag=10.09 b-v=0.60 lgs=1
425             18 23  3.731 +14 15 42.08 2000.0 vmag=10.00 b-v=0.55 lgs=1
426             18 23 39.960 +14 36 50.20 2000.0 vmag=10.02 b-v=0.69 lgs=1
427             18 25 44.964 -04 12 29.77 2000.0 vmag=10.09 b-v=0.70 lgs=1
428             18 26 23.873 +35 27 33.83 2000.0 vmag=10.07 b-v=0.57 lgs=1
429             18 27 34.717 +15 46 46.80 2000.0 vmag=10.15 b-v=0.48 lgs=1
430             18 32 37.842 +14 53 18.68 2000.0 vmag=10.10 b-v=0.48 lgs=1
431             18 35 33.943 -04 06 34.19 2000.0 vmag=10.20 b-v=0.55 lgs=1
432             18 39 25.499 +15 39 32.90 2000.0 vmag=10.07 b-v=0.61 lgs=1
433             18 40 16.456 -05 29 53.94 2000.0 vmag=10.17 b-v=0.64 lgs=1
434             18 41  1.920 +35 30 20.32 2000.0 vmag=10.20 b-v=0.49 lgs=1
435             18 44 16.375 -04 52 27.21 2000.0 vmag=10.18 b-v=0.47 lgs=1
436             18 46 19.918 +34 15 58.89 2000.0 vmag=10.08 b-v=0.72 lgs=1
437             18 47 16.463 +15 36 11.15 2000.0 vmag=10.02 b-v=0.53 lgs=1
438             18 49 35.140 +15 22 23.16 2000.0 vmag=10.10 b-v=0.64 lgs=1
439             18 50 45.246 +35 46 15.04 2000.0 vmag=10.18 b-v=0.58 lgs=1
440             18 53 12.666 +15 16 49.30 2000.0 vmag=10.12 b-v=0.30 lgs=1
441             18 55 40.003 +15 29 14.70 2000.0 vmag=10.01 b-v=0.37 lgs=1
442             18 55 43.318 +34 57 53.35 2000.0 vmag=10.16 b-v=0.63 lgs=1
443             18 56 34.140 -04 34 40.47 2000.0 vmag=10.01 b-v=0.58 lgs=1
444             18 59 11.777 +15 12 31.13 2000.0 vmag=10.13 b-v=0.54 lgs=1
445             19 04  6.214 +15 06 37.86 2000.0 vmag=10.06 b-v=0.59 lgs=1
446             19 10 35.068 +34 56  8.95 2000.0 vmag=10.06 b-v=0.63 lgs=1
447             19 13 26.955 -04 53 49.45 2000.0 vmag=10.10 b-v=0.34 lgs=1
448             19 14  8.009 +15 27 14.17 2000.0 vmag=10.01 b-v=0.30 lgs=1
449             19 19  7.413 -05 03 31.69 2000.0 vmag=10.16 b-v=0.68 lgs=1
450             19 20  9.481 +14 51 32.33 2000.0 vmag=10.12 b-v=0.45 lgs=1
451             19 20 24.769 +15 02 30.12 2000.0 vmag=10.17 b-v=0.51 lgs=1
452             19 20 37.631 +34 48  6.25 2000.0 vmag=10.10 b-v=0.53 lgs=1
453             19 22  2.663 -05 21 32.10 2000.0 vmag=10.00 b-v=0.32 lgs=1
454             19 23 56.503 +15 06 44.13 2000.0 vmag=10.17 b-v=0.60 lgs=1
455             19 26  6.628 -04 56  9.51 2000.0 vmag=10.18 b-v=0.57 lgs=1
456             19 27 31.477 +35 01  5.94 2000.0 vmag=10.17 b-v=0.40 lgs=1
457             19 30 17.108 +15 25 17.06 2000.0 vmag=10.12 b-v=0.34 lgs=1
458             19 31  0.788 +35 06 58.82 2000.0 vmag=10.20 b-v=0.71 lgs=1
459             19 33 39.594 -05 30 46.05 2000.0 vmag=10.05 b-v=0.62 lgs=1
460             19 33 44.373 +34 59 40.54 2000.0 vmag=10.10 b-v=0.63 lgs=1
461             19 35 10.301 +15 25 23.86 2000.0 vmag=10.04 b-v=0.47 lgs=1
462             19 37 27.288 +14 27  3.84 2000.0 vmag=10.02 b-v=0.59 lgs=1
463             19 37 47.588 -05 11 44.35 2000.0 vmag=10.19 b-v=0.48 lgs=1
464             19 41 25.006 +15 07 59.37 2000.0 vmag=10.13 b-v=0.36 lgs=1
465             19 42  9.097 +35 04  9.46 2000.0 vmag=10.10 b-v=0.40 lgs=1
466             19 42 20.436 +14 55 56.89 2000.0 vmag=10.14 b-v=0.41 lgs=1
467             19 43 17.285 -05 14  7.50 2000.0 vmag=10.17 b-v=0.74 lgs=1
468             19 43 28.434 +34 50 16.51 2000.0 vmag=10.16 b-v=0.34 lgs=1
469             19 48 13.974 +34 47  5.15 2000.0 vmag=10.03 b-v=0.65 lgs=1
470             19 51 23.873 -05 27 50.51 2000.0 vmag=10.05 b-v=0.66 lgs=1
471             19 56 32.390 +34 52 52.47 2000.0 vmag=10.08 b-v=0.32 lgs=1
472             20 11 44.724 +15 01  5.38 2000.0 vmag=10.07 b-v=0.72 lgs=1
473             20 14 18.499 +15 05 32.48 2000.0 vmag=10.10 b-v=0.58 lgs=1
474             20 14 45.856 +15 11 11.73 2000.0 vmag=10.19 b-v=0.36 lgs=1
475             20 17 57.421 -05 00  3.03 2000.0 vmag=10.15 b-v=0.50 lgs=1
476             20 18 21.243 +35 21 15.84 2000.0 vmag=10.05 b-v=0.40 lgs=1
477             20 18 28.526 +15 38 17.23 2000.0 vmag=10.15 b-v=0.48 lgs=1
478             20 20 54.220 +15 24 14.66 2000.0 vmag=10.19 b-v=0.55 lgs=1
479             20 21 53.250 +35 00 20.74 2000.0 vmag=10.12 b-v=0.70 lgs=1
480             20 23 24.550 -04 45 10.87 2000.0 vmag=10.19 b-v=0.46 lgs=1
481             20 24 57.972 +14 51 16.56 2000.0 vmag=10.04 b-v=0.50 lgs=1
482             20 25 59.932 -05 29 55.23 2000.0 vmag=10.13 b-v=0.75 lgs=1
483             20 26 11.432 +34 53 33.59 2000.0 vmag=10.01 b-v=0.37 lgs=1
484             20 30 52.748 +15 08  6.58 2000.0 vmag=10.08 b-v=0.44 lgs=1
485             20 31  2.580 -04 52 40.23 2000.0 vmag=10.05 b-v=0.52 lgs=1
486             20 31 28.102 +14 54 18.41 2000.0 vmag=10.01 b-v=0.61 lgs=1
487             20 32 58.361 +14 59 46.46 2000.0 vmag=10.02 b-v=0.61 lgs=1
488             20 35 42.865 -05 38 53.90 2000.0 vmag=10.04 b-v=0.57 lgs=1
489             20 35 43.212 +35 04 41.28 2000.0 vmag=10.19 b-v=0.44 lgs=1
490             20 36 52.461 +14 28 49.01 2000.0 vmag=10.07 b-v=0.74 lgs=1
491             20 40 29.769 +15 18 45.69 2000.0 vmag=10.10 b-v=0.34 lgs=1
492             20 41 14.886 +34 26 51.30 2000.0 vmag=10.05 b-v=0.38 lgs=1
493             20 41 34.889 +14 27  7.69 2000.0 vmag=10.17 b-v=0.63 lgs=1
494             20 43 13.802 -05 29 43.79 2000.0 vmag=10.11 b-v=0.55 lgs=1
495             20 44 42.813 +35 00 40.97 2000.0 vmag=10.16 b-v=0.58 lgs=1
496             20 46 47.254 -04 55 49.07 2000.0 vmag=10.15 b-v=0.58 lgs=1
497             20 47 32.776 +14 02 51.04 2000.0 vmag=10.20 b-v=0.67 lgs=1
498             20 52 20.903 -04 34 39.38 2000.0 vmag=10.19 b-v=0.34 lgs=1
499             20 52 43.980 +34 55 36.92 2000.0 vmag=10.10 b-v=0.56 lgs=1
500             20 54 14.389 +14 28 26.93 2000.0 vmag=10.20 b-v=0.43 lgs=1
501             20 59  7.158 -04 59 40.00 2000.0 vmag=10.15 b-v=0.69 lgs=1
502             20 59 44.843 +35 13 14.84 2000.0 vmag=10.14 b-v=0.50 lgs=1
503             21 01 24.473 +34 53 19.65 2000.0 vmag=10.17 b-v=0.44 lgs=1
504             21 01 59.012 +14 34 26.05 2000.0 vmag=10.08 b-v=0.42 lgs=1
505             21 03 59.456 -04 46 25.69 2000.0 vmag=10.19 b-v=0.65 lgs=1
506             21 07 42.104 +15 21 55.08 2000.0 vmag=10.15 b-v=0.34 lgs=1
507             21 09 58.607 -05 29 18.73 2000.0 vmag=10.10 b-v=0.55 lgs=1
508             21 10 43.044 +35 15 15.60 2000.0 vmag=10.18 b-v=0.47 lgs=1
509             21 11  8.561 +34 49  6.29 2000.0 vmag=10.19 b-v=0.45 lgs=1
510             21 13 47.948 -05 29 12.27 2000.0 vmag=10.07 b-v=0.47 lgs=1
511             21 14 12.817 +15 33  5.94 2000.0 vmag=10.12 b-v=0.38 lgs=1
512             21 16 43.877 +14 57 49.96 2000.0 vmag=10.05 b-v=0.58 lgs=1
513             21 18 54.631 +14 59 45.50 2000.0 vmag=10.01 b-v=0.54 lgs=1
514             21 19 41.106 +35 21 13.30 2000.0 vmag=10.13 b-v=0.38 lgs=1
515             21 21 33.388 -05 32 26.75 2000.0 vmag=10.13 b-v=0.60 lgs=1
516             21 21 50.596 +34 59 34.31 2000.0 vmag=10.19 b-v=0.34 lgs=1
517             21 25  5.926 +14 54 40.73 2000.0 vmag=10.16 b-v=0.51 lgs=1
518             21 26 34.799 -05 04 41.27 2000.0 vmag=10.02 b-v=0.62 lgs=1
519             21 27 41.910 +15 18 23.00 2000.0 vmag=10.16 b-v=0.46 lgs=1
520             21 30 11.931 -05 29 15.77 2000.0 vmag=10.09 b-v=0.58 lgs=1
521             21 34 19.632 +15 46 43.46 2000.0 vmag=10.07 b-v=0.44 lgs=1
522             21 36 28.601 +35 07 59.90 2000.0 vmag=10.12 b-v=0.30 lgs=1
523             21 37 32.832 +14 51 13.30 2000.0 vmag=10.15 b-v=0.49 lgs=1
524             21 39 55.276 +14 27  5.33 2000.0 vmag=10.11 b-v=0.56 lgs=1
525             21 41  9.207 +35 06 39.06 2000.0 vmag=10.03 b-v=0.69 lgs=1
526             21 41 25.414 -04 54 43.91 2000.0 vmag=10.10 b-v=0.58 lgs=1
527             21 44 39.990 +14 35 19.24 2000.0 vmag=10.15 b-v=0.38 lgs=1
528             21 47 23.068 +34 53 51.65 2000.0 vmag=10.18 b-v=0.58 lgs=1
529             21 48 48.239 +35 29 56.17 2000.0 vmag=10.16 b-v=0.69 lgs=1
530             21 53 57.149 -04 49  6.93 2000.0 vmag=10.14 b-v=0.55 lgs=1
531             21 55 18.384 +35 07 25.35 2000.0 vmag=10.01 b-v=0.62 lgs=1
532             22 08  4.060 +15 07 33.50 2000.0 vmag=10.06 b-v=0.57 lgs=1
533             22 13  9.902 -04 20 23.64 2000.0 vmag=10.07 b-v=0.49 lgs=1
534             22 14 29.794 +14 47  2.01 2000.0 vmag=10.19 b-v=0.54 lgs=1
535             22 15 19.446 +34 48 43.39 2000.0 vmag=10.16 b-v=0.62 lgs=1
536             22 15 47.711 -05 41 22.38 2000.0 vmag=10.09 b-v=0.37 lgs=1
537             22 19  2.759 +14 38 37.19 2000.0 vmag=10.17 b-v=0.70 lgs=1
538             22 19 31.174 +34 49 31.59 2000.0 vmag=10.02 b-v=0.42 lgs=1
539             22 21 33.147 +15 06 17.33 2000.0 vmag=10.04 b-v=0.72 lgs=1
540             22 21 40.859 -04 57 51.87 2000.0 vmag=10.15 b-v=0.66 lgs=1
541             22 22 46.721 +35 18 13.34 2000.0 vmag=10.04 b-v=0.37 lgs=1
542             22 24 54.108 +15 32 45.31 2000.0 vmag=10.05 b-v=0.41 lgs=1
543             22 25 46.979 -05 21 13.39 2000.0 vmag=10.10 b-v=0.74 lgs=1
544             22 26  3.010 +35 34 53.07 2000.0 vmag=10.13 b-v=0.49 lgs=1
545             22 26 54.933 -04 33 34.06 2000.0 vmag=10.12 b-v=0.49 lgs=1
546             22 28  8.148 +14 21 14.61 2000.0 vmag=10.02 b-v=0.63 lgs=1
547             22 28 46.928 +14 24 59.55 2000.0 vmag=10.14 b-v=0.52 lgs=1
548             22 30 23.240 +35 11 41.60 2000.0 vmag=10.15 b-v=0.62 lgs=1
549             22 32 42.357 +14 56 47.92 2000.0 vmag=10.04 b-v=0.66 lgs=1
550             22 33 40.000 +34 24  9.66 2000.0 vmag=10.19 b-v=0.73 lgs=1
551             22 34 25.693 -06 48 41.74 2000.0 vmag=10.15 b-v=0.39 lgs=1
552             22 34 46.392 +15 25 17.50 2000.0 vmag=10.08 b-v=0.57 lgs=1
553             22 38 55.009 +34 15 20.96 2000.0 vmag=10.07 b-v=0.35 lgs=1
554             22 40 49.164 +14 54 14.05 2000.0 vmag=10.07 b-v=0.73 lgs=1
555             22 43 43.877 -04 46 55.00 2000.0 vmag=10.06 b-v=0.53 lgs=1
556             22 44 44.896 +34 00 23.49 2000.0 vmag=10.18 b-v=0.43 lgs=1
557             22 49 10.628 +15 29 49.32 2000.0 vmag=10.15 b-v=0.61 lgs=1
558             22 50  3.302 +34 21 38.76 2000.0 vmag=10.08 b-v=0.43 lgs=1
559             22 50 45.627 +34 27 22.60 2000.0 vmag=10.19 b-v=0.40 lgs=1
560             22 53 47.675 +13 35 58.56 2000.0 vmag=10.16 b-v=0.44 lgs=1
561             22 54 43.406 -04 19  9.73 2000.0 vmag=10.07 b-v=0.58 lgs=1
562             22 55 22.896 +35 08 38.14 2000.0 vmag=10.15 b-v=0.57 lgs=1
563             23 02 45.250 +13 49  2.48 2000.0 vmag=10.16 b-v=0.60 lgs=1
564             23 03  7.470 +35 02 47.39 2000.0 vmag=10.15 b-v=0.75 lgs=1
565             23 05 37.327 -03 40 51.44 2000.0 vmag=10.10 b-v=0.64 lgs=1
566             23 08 17.658 +34 42 19.30 2000.0 vmag=10.10 b-v=0.37 lgs=1
567             23 13 35.415 +15 10 33.48 2000.0 vmag=10.14 b-v=0.57 lgs=1
568             23 13 43.166 -06 17 57.13 2000.0 vmag=10.06 b-v=0.69 lgs=1
569             23 16  5.457 +14 37 10.35 2000.0 vmag=10.10 b-v=0.66 lgs=1
570             23 17 46.626 -05 34  2.96 2000.0 vmag=10.17 b-v=0.73 lgs=1
571             23 18 31.017 +35 58 52.76 2000.0 vmag=10.19 b-v=0.56 lgs=1
572             23 21 57.146 -04 57 29.44 2000.0 vmag=10.15 b-v=0.71 lgs=1
573             23 22 25.936 +13 26 33.85 2000.0 vmag=10.11 b-v=0.56 lgs=1
574             23 22 44.329 +34 34 38.43 2000.0 vmag=10.15 b-v=0.45 lgs=1
575             23 25 19.515 +35 27 40.73 2000.0 vmag=10.17 b-v=0.44 lgs=1
576             23 30 23.065 +14 49  9.02 2000.0 vmag=10.06 b-v=0.66 lgs=1
577             23 32 34.985 -06 38 33.54 2000.0 vmag=10.05 b-v=0.71 lgs=1
578             23 33 40.649 +35 13  8.19 2000.0 vmag=10.09 b-v=0.42 lgs=1
579             23 34 30.246 +15 58  3.74 2000.0 vmag=10.16 b-v=0.47 lgs=1
580             23 38 33.693 -04 02 30.10 2000.0 vmag=10.09 b-v=0.42 lgs=1
581             23 40 37.174 +14 14 30.16 2000.0 vmag=10.07 b-v=0.50 lgs=1
582             23 41 34.871 -04 55 29.20 2000.0 vmag=10.16 b-v=0.49 lgs=1
583             23 41 38.402 +35 17 24.42 2000.0 vmag=10.20 b-v=0.38 lgs=1
584             23 43 22.584 +34 58 47.06 2000.0 vmag=10.19 b-v=0.36 lgs=1
585             23 46 13.694 +14 53 50.52 2000.0 vmag=10.12 b-v=0.63 lgs=1
586             23 53 46.709 -04 33 13.02 2000.0 vmag=10.11 b-v=0.37 lgs=1
587             23 54 43.209 +34 16 46.72 2000.0 vmag=10.20 b-v=0.58 lgs=1
588             23 58 51.785 -04 17 16.94 2000.0 vmag=10.15 b-v=0.55 lgs=1
589             23 59 43.235 +34 03 28.35 2000.0 vmag=10.11 b-v=0.50 lgs=1

